K_opt = 2
Hopk = 0.15907835325975347
Metrics = {'PC': 0.7833786484559053, 'EC': 5.885954861802975, 'PI': 0.13691426241493346, 'SI': 3.3890754362675968}
