K_opt = 2
Hopk = 0.1578046157385064
Metrics = {'PC': 0.7833711760842217, 'EC': 5.885954861802975, 'PI': 0.1369167114219084, 'SI': 3.3890754362675968}
