K_opt = 2
Hopk = 0.16374354207409342
Metrics = {'PC': 0.7833769841951007, 'EC': 5.885954861802975, 'PI': 0.13691480943605838, 'SI': 3.3890754362675968}
